0.598659
0.27402
5.0715
0.0530247
0.332957
4.73619
0.432942
3.81141
1.56682
0.0662955
0.37204
1.097
1.72757
2.56985
0.815376
0.701615
1.67898
0.540522
1.04802
0.385746
0.354825
1.96661
5.21932
0.480376
0.152379
1.75184
0.140822
0.38364
1.08954
0.772788
1.10967
0.511493
4.00293
0.885861
0.536603
0.125647
0.0892035
3.27257
0.0489697
1.58084
1.1215
1.26425
0.162339
0.0721165
1.57599
0.102517
1.48263
0.100033
0.0638319
1.08958
0.275165
0.723652
0.481446
0.0163692
0.789729
0.219544
2.11756
0.237893
0.557515
0.815301
0.368172
0.783965
1.72581
0.282545
0.208095
0.815407
0.802953
1.70523
0.51928
1.79133
1.89685
0.0346874
0.105112
0.423971
0.492966
3.88748
0.857647
0.514532
0.543411
0.162742
0.0752023
0.45473
0.328881
0.403931
0.0335464
0.141182
4.33514
1.75257
0.94178
0.711297
0.368169
3.19265
0.23963
0.279318
0.444927
0.0401484
0.370419
0.693123
0.26812
0.764033
1.42011
0.434392
1.14662
0.223591
0.508897
1.41408
0.0767
0.0884498
0.628427
0.699296
0.987443
1.05811
0.675663
1.88703
0.579281
0.545488
0.688138
1.51678
0.971352
1.31862
1.22349
1.25632
0.0188508
1.23974
0.605252
0.564907
0.212703
0.574128
0.0261763
1.59899
1.99222
0.12084
0.542027
0.431933
0.0507533
1.94008
0.228779
1.44421
1.60302
0.167236
1.33938
0.462061
0.0795555
0.796461
1.82344
1.64677
0.0466812
3.51816
0.706688
0.0268965
1.16028
3.65653
0.45157
0.744622
0.721228
0.622042
0.935509
0.0926258
0.513138
0.369262
0.200499
1.21628
0.248088
0.548408
1.45087
0.057657
1.0083
0.631394
0.834377
1.43215
0.185177
0.391371
1.60887
0.435693
1.14614
0.163949
0.0424481
3.29695
0.782492
0.889286
0.388478
4.10573
0.285483
0.697258
0.0497573
0.125028
0.00653677
1.05614
2.72191
0.13176
0.52321
0.300162
0.565831
1.62016
2.56856
0.388388
0.554683
1.11675
1.38888
2.21493
1.24733
0.0198293
0.093142
1.5731
1.72515
3.367
0.0130694
0.365984
0.313647
0.280272
0.526679
1.45016
2.85909
0.460633
0.367944
1.33865
3.25577
0.804783
0.332748
0.893263
0.627425
0.657776
1.04851
0.416433
0.410037
0.305304
0.202202
1.25137
0.141145
0.606856
1.12195
2.63963
0.189323
2.7026
2.70409
2.1603
1.36271
1.91902
0.738402
0.0935644
0.0724044
0.803656
1.44865
0.747361
0.296604
1.39757
0.795519
0.145254
0.146265
3.50386
0.168074
1.65813
0.300476
0.232856
2.01948
0.599613
0.407481
3.02726
2.03479
1.56145
0.0889827
0.256448
0.540929
2.44564
0.0720669
0.435112
3.88276
0.726042
0.66295
3.54143
0.932994
1.48571
0.537077
5.35913
0.506181
3.12307
2.37372
0.658699
0.358706
0.586113
1.95814
2.1239
1.38076
0.0433837
0.841856
1.87846
1.11081
0.768328
0.782158
0.420281
1.68881
1.58785
0.299992
1.62927
3.76313
0.361004
2.46342
1.82312
0.388804
0.970784
0.106641
0.399984
0.892716
1.23557
2.16557
0.483976
0.556918
0.232104
0.332728
1.84378
0.349521
0.922012
0.380956
0.113881
3.71211
0.621901
0.787724
0.604188
0.11456
0.792713
0.458861
0.547127
0.0116472
0.743784
0.484112
1.57068
1.22356
0.147649
0.925778
2.33157
0.958259
0.14071
1.70385
1.79435
0.657199
0.348423
1.16745
0.279084
0.409967
0.46986
0.212052
0.623116
0.0742551
0.0951842
0.300245
0.156683
0.526589
0.211579
0.201982
2.5677
2.05096
0.0619784
1.11149
0.127051
0.287634
0.473959
0.682013
0.204631
0.694917
0.979697
1.52526
0.491221
0.564153
1.66929
2.5354
0.907071
2.92682
0.197092
1.38871
0.0632695
4.39062
2.23644
2.0011
0.074837
0.448765
1.01826
0.405603
0.0796654
0.886586
1.69366
0.0121069
0.997861
1.49982
0.529093
0.143575
0.732822
0.781041
1.85646
2.63893
0.228639
0.113945
0.952799
0.654554
0.519801
0.65384
2.33767
0.13842
0.211686
0.00871512
0.675771
0.468662
0.00675533
1.05424
1.00408
2.19421
1.55208
0.232428
1.32342
0.261479
0.44301
0.535265
0.60372
0.793713
0.353632
2.72921
0.818262
0.453283
0.118509
0.949941
3.80541
0.0624664
1.76457
1.45379
0.932324
0.496453
0.346346
0.0286416
2.87226
0.00450493
0.0183669
0.071479
1.65839
2.76191
1.98739
1.6311
0.39365
0.666587
0.00552691
1.59952
0.441783
0.474352
2.35629
0.0787279
0.682985
0.447356
0.305732
0.231508
0.963167
1.13345
0.524688
1.11829
0.103161
0.679939
0.297494
2.38681
0.749912
0.00246575
1.12303
0.597624
0.681363
0.581973
0.030007
0.205391
2.09074
0.0360785
0.929989
0.521956
0.190144
0.633443
0.0525322
2.60014
0.143439
0.974929
0.15033
0.1414
1.21253
0.788172
2.04434
0.952099
3.24807
1.61094
1.64638
0.0415133
0.451139
0.982038
0.410263
1.43531
1.18269
0.544798
0.964418
2.30849
1.36366
0.306643
2.60056
0.214299
0.63748
0.267059
1.02937
2.08196
2.33403
0.799192
0.245549
0.286769
2.40015
0.118267
0.0148124
0.967681
0.720812
0.480526
0.97023
1.9702
0.568548
0.268981
0.0788189
0.240456
0.374421
0.180659
0.667684
3.69594
0.0735763
1.03383
0.0892306
2.53413
0.542217
0.522124
0.776724
1.54413
1.20888
0.135211
1.39745
0.794617
1.7202
0.608345
1.14407
1.23416
1.18826
0.0900224
0.192188
0.368732
3.66955
1.03922
1.66249
0.162854
0.440874
0.0112158
0.199619
1.42161
0.321268
4.50587
1.05841
0.345775
0.562375
0.887123
0.652122
0.31196
0.48023
0.675211
0.919902
0.016011
0.499874
0.851184
0.037054
0.718855
0.525696
0.0995195
0.0610258
0.327896
0.142863
1.09245
2.02203
0.734692
0.336374
0.391014
0.105119
0.0900554
0.0816313
0.688422
0.744731
0.932905
0.113706
0.587993
0.969077
0.879289
0.467583
2.03126
0.961254
0.48172
2.19719
0.615196
0.0933188
0.390829
0.311575
0.533455
3.32096
0.0753543
0.213277
0.745753
0.0310386
0.569212
0.261339
2.94179
0.502467
0.0272071
0.310361
0.0734045
0.61722
0.35881
1.27839
0.987443
0.347475
0.274975
0.591891
2.39043
0.070831
1.03866
0.998097
1.18044
3.15522
1.8887
0.279196
0.0396996
3.80053
1.08934
1.7871
0.398141
0.418544
0.292666
0.275358
1.11564
0.26852
0.343216
0.0303502
0.593296
2.63058
0.159641
2.73551
0.627389
0.300216
1.2552
2.00731
0.743052
0.781011
2.14621
0.806612
1.24181
0.0268901
1.17501
0.501324
0.112147
1.3384
1.37871
1.14814
0.578325
1.94701
1.40017
1.76397
2.69319
0.0057249
0.301964
0.198374
0.541933
0.00161052
0.316554
0.0912478
0.638945
2.79844
0.0752043
0.0483435
0.275987
1.18361
0.170518
0.413124
0.6712
2.84488
0.0205759
1.75627
0.0268124
1.37812
0.54903
0.16264
2.16177
0.196056
1.02169
0.283305
0.522529
0.0326278
1.45846
2.45846
0.32619
0.476146
0.519552
1.52754
2.47749
0.0128831
1.3462
0.0708849
2.03698
2.33805
1.55852
0.124368
0.346604
0.315414
2.81221
0.0462376
1.20461
1.81236
1.6728
1.87881
0.147171
0.659647
0.244197
2.21802
0.291932
0.472012
0.0425624
2.31743
0.927774
0.821206
0.183096
0.275564
1.02865
0.622901
0.596131
0.148917
3.62906
0.300904
2.52618
0.50059
0.476642
0.303745
0.974487
0.309384
0.405487
0.0597172
0.0700058
2.3353
1.94666
1.72133
1.49846
0.640853
0.765049
0.592377
0.626873
1.70632
2.08569
0.607267
0.0779019
0.486945
0.0787569
0.308795
0.21291
0.825224
0.947523
0.0921721
1.78638
0.0912281
0.0555124
3.47975
0.0306878
7.33393
0.0643845
0.399614
0.336307
0.165662
2.03049
0.00446247
0.338971
0.506855
1.15539
1.19404
1.40809
0.570082
0.291736
1.37633
0.229409
0.539673
0.747884
3.2263
1.54799
0.81857
2.16709
2.11086
0.920831
0.827955
0.11655
1.55025
0.781605
0.231192
1.22511
0.204251
0.712968
0.299602
0.163012
1.26914
0.28123
0.964531
0.807326
2.79487
0.318884
1.18147
0.68612
2.36279
0.291983
1.1397
0.729666
2.85108
0.820419
0.468985
0.43625
2.05634
1.12221
2.95611
0.849562
0.510467
0.303859
7.13466
0.259756
3.64544
0.86981
0.194267
1.08806
0.30277
0.181337
0.37891
0.211474
1.33917
1.86741
1.18616
1.89339
2.18513
0.442093
0.899205
1.06428
0.905217
1.98993
1.40347
1.66406
5.62018
2.8542
0.88461
1.21173
0.67014
0.371135
0.152109
1.1309
0.654463
0.488748
1.44102
0.459942
0.92672
0.294805
0.43213
0.962733
1.40803
1.37556
0.277146
0.205687
2.4535
1.89739
1.38907
1.39019
2.17501
1.1308
0.184985
1.39978
0.426334
0.4445
0.317233
0.809375
0.205516
0.224382
1.39904
0.598805
1.91792
2.21314
0.585555
0.21317
1.64025
0.0677305
3.52066
1.06045
0.668939
0.663157
1.53085
1.32355
1.36468
0.333391
1.52244
1.07865
0.799217
0.240875
0.705552
1.66679
0.0469248
0.918694
0.509866
0.302656
0.685284
2.57769
0.703541
0.135933
0.0302555
0.612873
0.0194333
0.74644
1.01453
2.29382
1.2634
0.319978
2.2181
2.37337
1.73582
0.0487999
0.273638
0.305731
0.384631
1.01629
0.446345
0.47487
0.758638
0.467321
0.857555
0.543557
0.692383
0.388576
1.00354
0.035865
0.472192
0.519034
0.284386
3.96796
2.20407
3.25767
1.09258
1.61159
0.422516
0.39919
0.317175
0.29348
1.28855
1.58408
3.86633
0.244128
2.00237
1.2326
0.82363
1.26948
1.26604
0.145388
0.429137
0.0156759
0.262651
0.242793
0.4437
0.673515
0.162384
1.15019
1.58478
0.530068
0.320105
1.05754
1.19882
1.58674
0.0474123
0.483317
0.420093
0.411004
2.1262
0.79813
1.09485
1.3185
1.22195
1.41322
0.571169
1.47127
1.45438
0.169249
0.846154
0.524237
1.45047
0.225015
0.910038
0.334009
3.66356
0.60954
1.09452
2.42592
0.242978
1.24863
0.523492
1.22441
2.32539
0.789341
2.09844
0.0601592
0.662682
0.431137
3.85295
0.828312
1.34774
