0.872853
0.836564
0.860308
0.86625
0.900512
0.917689
0.914351
0.952537
0.912231
0.892886
0.925088
0.928375
0.921698
0.823211
0.774228
0.77297
0.861439
0.878094
0.879804
0.952794
0.852393
0.781886
0.808041
0.882871
0.89794
0.850636
0.863661
0.88619
0.843301
0.800384
0.831675
0.878806
0.876854
0.864575
0.916257
0.934779
0.861718
0.846076
0.855009
0.809151
0.813809
0.818964
0.782402
0.835964
0.901434
0.9426
0.945173
0.910063
0.882159
0.864365
0.859956
0.883508
0.930112
0.909008
0.855425
0.888613
0.952589
0.85656
0.816724
0.783666
0.77187
0.874332
0.9042
0.858752
0.819615
0.820706
0.868559
0.874358
0.838808
0.844813
0.814784
0.875852
0.885794
0.92884
0.971323
0.92912
0.924453
0.831745
0.802231
0.857447
0.843152
0.789726
0.804175
0.84512
0.825791
0.86869
0.932566
0.918603
0.910709
0.905242
0.859154
0.85027
0.845233
0.875554
0.909592
0.838381
0.855174
0.856049
0.822826
0.885106
0.896656
0.923306
0.926424
0.860387
0.883032
0.835336
0.78713
0.907571
0.931362
0.850932
0.824311
0.870396
0.94335
0.926291
0.939917
0.945466
0.938949
0.938057
0.896505
0.904629
0.934465
0.908397
0.844433
0.856796
0.872511
0.808618
0.846756
0.930917
0.878877
0.808689
0.859232
0.973323
0.977678
0.948224
0.949608
0.892187
0.854321
0.853895
0.867802
0.863698
0.848905
0.892978
0.907031
0.901189
0.932156
0.966528
0.877113
0.822385
0.86964
0.89831
0.971165
1.01808
0.966654
0.922762
0.911426
0.938461
0.922668
0.887627
0.887612
0.8449
0.864397
0.832695
0.775633
0.809993
0.854887
0.865777
0.899812
0.919178
0.823868
0.737514
0.729749
0.827239
0.934773
0.897962
0.865053
0.838794
0.83979
0.868787
0.868677
0.945463
0.947694
0.892607
0.870295
0.840698
0.817913
0.860238
0.889393
0.804493
0.729525
0.791815
0.832717
0.864478
0.92713
0.917054
0.890769
0.901626
0.92286
0.851074
0.85022
0.920295
0.925956
0.917444
0.890606
0.837448
0.859595
0.87967
0.870405
0.886578
0.823759
0.779085
0.789345
0.754085
0.788558
0.865783
0.872224
0.896949
0.887232
0.830641
0.88656
0.956383
0.940157
0.94804
0.934015
0.872262
0.881763
0.916008
0.908279
0.886427
0.842562
0.858625
0.896224
0.909509
0.926139
0.939834
0.907722
0.971405
0.99858
0.912187
0.871267
0.84361
0.886153
0.890285
0.830176
0.811197
0.856154
0.869584
0.840164
0.828589
0.877828
0.895134
0.779145
0.782118
0.841072
0.858366
0.8771
0.837316
0.849389
0.888245
0.834923
0.863178
0.883783
0.834691
0.883196
0.857165
0.738994
0.718658
0.801323
0.833776
0.875121
0.930524
0.869541
0.839742
0.883687
0.913235
0.91348
0.923899
0.940865
0.885614
0.835107
0.828848
0.877853
0.87072
0.856534
0.915163
0.903415
0.859725
0.841596
0.82871
0.838093
0.838164
0.907825
0.958224
0.94431
0.948576
0.92592
0.942586
0.929953
0.927959
0.933154
0.885496
0.888666
0.893994
0.935891
0.932651
0.929023
0.880612
0.812266
0.870055
0.859226
0.856433
0.868146
0.849113
0.927011
0.946843
0.882062
0.895932
0.956614
0.924435
0.89232
0.952409
0.887732
0.762461
0.788395
0.910596
0.939635
0.928376
0.900385
0.840321
0.903714
0.950119
0.904238
0.898435
0.849559
0.884411
0.952893
0.918381
0.903676
0.869098
0.866457
0.887108
0.915329
0.924168
0.91729
0.922228
0.847431
0.769465
0.794649
0.856556
0.847122
0.832279
0.828823
0.853492
0.886097
0.907871
0.881958
0.844735
0.853452
0.872026
0.953814
0.936071
0.855079
0.887461
0.919235
0.966743
0.951334
0.900183
0.848193
0.818508
0.86845
0.892823
0.900289
0.908787
0.922295
0.917114
0.881412
0.881275
0.912799
0.922338
0.924974
0.888797
0.880438
0.907741
0.903544
0.889955
0.85179
0.859478
0.914371
0.887752
0.855046
0.872825
0.913141
0.846739
0.795614
0.880094
0.92618
0.830811
0.810747
0.851948
0.813059
0.865565
0.865583
0.789867
0.814469
0.847968
0.873266
0.901162
0.912354
0.927194
0.869948
0.879677
0.969213
0.893589
0.795324
0.853692
0.90553
0.91599
0.916073
0.911851
0.964817
1.01355
0.95592
0.861859
0.795723
0.797028
0.878889
0.954841
0.89195
0.849327
0.856478
0.858978
0.909105
0.872061
0.858996
0.907852
0.889166
0.886616
0.924168
0.903265
0.853023
0.764334
0.758399
0.882009
0.924718
0.93219
0.975612
1.00481
1.00221
0.986049
0.944562
0.890823
0.880799
0.891228
0.863595
0.800655
0.779884
0.808426
0.860903
0.867717
0.854865
0.857832
0.875895
0.921244
0.903041
0.835143
0.818428
0.932419
0.975579
0.937178
0.888909
0.874263
0.874653
0.810727
0.885543
0.949839
0.890442
0.830334
0.809637
0.84771
0.867328
0.817589
0.864203
0.936837
0.88526
0.845014
0.827048
0.869144
0.933012
0.917963
0.925062
0.985553
0.958738
0.827687
0.811158
0.940482
0.991481
0.899834
0.827095
0.817779
0.839389
0.850381
0.836475
0.860113
0.909347
0.911992
0.886491
0.839383
0.813142
0.854742
0.851757
0.813945
0.821298
0.871149
0.930647
1.00233
0.986906
0.947829
0.936018
0.853427
0.868292
0.942298
0.93903
0.854215
0.858252
0.851127
0.87099
0.942494
0.942452
1.01877
1.00925
0.881135
0.856493
0.919614
0.906266
0.909771
0.909446
0.888616
0.932601
0.940868
0.887009
0.867986
0.907936
0.870318
0.879534
0.940883
0.941314
0.893455
0.855649
0.882751
0.90007
0.814552
0.806489
0.876039
0.910745
0.929145
0.971008
0.937245
0.836419
0.817264
0.838532
0.836412
0.828183
0.818246
0.841236
0.875866
0.920066
0.933021
0.864397
0.902106
0.970284
0.975425
0.921457
0.89353
0.918349
0.867318
0.776321
0.828198
0.875415
0.846183
0.834247
0.860243
0.889446
0.875241
0.887548
0.954378
0.977744
0.910468
0.865996
0.810186
0.807269
0.825187
0.846572
0.940824
0.967233
0.951343
0.906156
0.882832
0.935108
0.925381
0.805928
0.82513
0.893548
0.829024
0.820385
0.800521
0.769558
0.802998
0.837958
0.877125
0.829269
0.79742
0.901916
0.912915
0.823965
0.828152
0.858568
0.866129
0.869328
0.837708
0.77718
0.819825
0.879984
0.845131
0.880948
0.902806
0.84785
0.866649
0.867831
0.839523
0.850784
0.841314
0.836828
0.843044
0.837441
0.88016
0.891598
0.824361
0.816742
0.910135
0.954437
0.958117
0.927414
0.828915
0.857311
0.880726
0.888614
0.884769
0.827825
0.825508
0.83555
0.827055
0.83468
0.829416
0.804841
0.819073
0.846064
0.836214
0.842591
0.84069
0.797046
0.870398
0.959072
0.90773
0.882774
0.873752
0.877649
0.907418
0.85019
0.842145
0.907022
0.87397
0.811164
0.82914
0.87352
0.87961
0.846577
0.869202
0.872927
0.891282
0.896521
0.824559
0.874353
0.912138
0.839184
0.768721
0.795325
0.859995
0.872264
0.888045
0.869691
0.847683
0.845701
0.902997
0.941696
0.932856
0.929405
0.882833
0.850177
0.872992
0.885951
0.905129
0.953954
0.952831
0.885019
0.857607
0.896064
0.912217
0.868698
0.827346
0.9131
0.942681
0.906054
0.929897
0.882998
0.859656
0.923723
0.963621
0.935458
0.915325
0.907353
0.857371
0.740639
0.741441
0.860703
0.911288
0.892569
0.88919
0.919656
0.866888
0.816111
0.84105
0.858485
0.819507
0.831416
0.831921
0.828937
0.901226
0.877163
0.816336
0.862638
0.902424
0.853259
0.843209
0.862656
0.850452
0.89833
0.925206
0.883273
0.887342
0.837421
0.771157
0.87808
1.0033
0.996012
0.889285
0.829309
0.877126
0.942058
0.959599
0.93079
0.90892
0.841206
0.754747
0.763514
0.824782
0.87224
0.853286
0.810808
0.815057
0.84589
0.868009
0.883959
0.877143
0.820655
0.860943
0.888357
0.830636
0.811495
0.78775
0.769451
0.800345
0.874295
0.907419
0.905815
0.92346
0.855497
0.782659
0.762542
0.813924
0.916737
0.953379
0.985124
0.91196
0.869804
0.871686
0.830217
0.785102
0.830191
0.858906
0.818696
0.859731
0.881585
0.848652
0.819926
0.825535
0.866303
0.908808
0.846049
0.9213
0.979806
0.90194
0.894245
0.893846
0.895576
0.917231
0.930614
0.853313
0.920726
0.99109
0.86245
0.843406
0.883666
0.951805
0.967144
0.885269
0.856256
0.868067
0.926476
0.906793
0.886659
0.858881
0.828353
0.821184
0.818196
0.874778
0.917053
0.924248
0.924728
0.943516
0.933246
0.909186
0.816152
0.765666
0.892933
0.93756
0.901221
0.893594
0.897529
0.926076
0.888656
0.900554
0.906514
0.880339
0.905992
0.854042
0.762308
0.812407
0.878407
0.967612
1.02916
0.958163
0.868977
0.844758
0.907535
0.974325
0.90772
0.816924
0.810788
0.85121
0.935044
0.954363
0.882192
0.872639
0.860661
0.824414
0.842381
0.854135
0.850161
0.848598
0.872101
0.884507
0.903241
0.897577
0.880401
0.906544
0.887929
0.871589
0.958937
0.997666
0.943323
0.874034
0.876858
0.853164
0.847043
0.933756
0.967655
0.931324
0.901186
0.898848
0.922163
0.959893
0.959109
0.908654
0.86237
0.872544
0.899683
0.865849
0.793879
0.760731
0.720924
0.768398
0.851768
0.891179
0.934719
0.995281
0.984135
0.843557
0.807351
0.791888
0.759089
0.84839
0.901366
0.892807
0.873874
0.819788
0.889748
0.878803
0.781942
0.809442
0.924416
0.965528
0.886149
0.848407
0.820126
0.85657
0.866327
0.910785
0.948335
0.939751
0.869203
0.80769
0.913797
0.952668
0.912264
0.841881
0.819415
0.861051
0.902067
0.864895
0.826634
0.894244
0.981939
1.01083
0.950231
0.908236
0.885574
0.840906
0.844486
0.850777
0.828573
0.877023
0.900902
0.87957
0.857684
0.887641
0.879344
0.875428
0.890467
0.836287
0.868176
0.898229
0.870227
0.9045
0.942977
0.923219
0.896781
0.838146
0.878777
0.889221
0.862361
0.899715
0.866654
0.859465
0.863262
0.900845
0.933939
0.882023
0.814281
0.852564
0.975764
0.948589
0.865837
0.90532
0.874852
0.87044
0.903915
0.86205
0.842706
0.824953
0.845784
0.93612
